k = 1
Houses: 1 3 5 8 10 12 14 16 18 20 22 24 27 29 31 33 35 38 40 42 45 47 49 52 54 56 58 60 62 64 66 68 70 72 74 76 78 81 83 85 88 90 92 94 96 98 100 102 104 107 109 111 113 116 118 121 123 125 127 129 131 133 135 137 139 141 144 147 149 151 153 155 158 160 162 164 166 169 171 173 176 179 181 183 185 187 189 192 195 197 199 201 203 205 207 209 211 214 216 218 221 223 225 228 230 232 234 236 238 240 242 244 246 248 250 252 254 256 258 261 263 265 268 270 272 274 276 278 280 282 284 286 288 290 292 294 296 298 300 302 304 306 308 310 312 314 316 318 320 322 324 326 328 330 332 334 336 338 340 342 344 346 348 350 353 355 357 359 362 364 367 370 372 374 376 378 381 384 387 389 391 393 395 398 400 403 405 407 409 411 413 415 417 419 421 423 425 428 431 434 436 439 441 443 445 447 449 451 454 456 459 461 463 465 467 469 471 474 476 478 480 482 484 486 488 491 493 496 498 500 503 505 507 510 513 515 517 520 522 524 527 530 532 534 536 538 540 543 545 547 550 552 554 557 559 561 563 565 567 569 571 574 576 578 581 583 585 588 590 592 594 596 598 600 602 604 606 609 612 614 617 620 622 624 626 628 630 633 636 638 640 642 645 647 649 651 654 656 658 660 663 666 668 671 673 675 678 680 682 684 687 689 691 694 696 698 700 702 704 706 708 711 714 716 719 721 723 725 728 730 732 734 736 738 740 743 745 747 749 751 754 756 759 761 763 765 767 769 771 774 776 778 780 782 784 786 788 790 792 794 796 798 800 802 804 806 808 810 812 814 817 819 821 823 825 827 829 832 834 837 839 841 843 845 847 849 852 855 857 859 861 863 865 867 869 871 873 875 877 879 881 884 886 889 891 893 895 897 899 902 905 907 909 911 913 915 917 919 921 923 925 928 930 932 935 937 939 942 944 947 949 951 953 956 958 960 963 965 967 969 971 973 975 978 980 982 985 987 989 991 993 995 998 1000 
Total Sale: 29673955

k = 2
Houses: 2 5 8 11 14 17 20 24 28 32 35 38 42 45 49 54 58 61 64 68 73 76 79 82 85 88 92 95 98 101 104 107 110 113 118 121 124 127 132 135 138 141 144 147 150 153 156 160 163 166 169 172 176 179 183 186 189 192 195 199 202 205 208 211 214 218 221 224 227 230 234 238 241 244 248 251 254 258 261 265 268 271 274 278 282 285 289 292 295 298 302 305 308 312 316 320 324 327 330 333 336 340 344 347 350 353 357 361 364 367 370 374 378 381 384 387 392 395 398 403 406 409 412 415 419 422 425 428 431 434 437 440 443 446 449 452 456 459 462 465 468 471 474 477 480 483 486 489 493 496 500 503 507 510 513 517 521 524 527 532 535 538 541 544 547 550 553 556 559 562 565 569 574 578 581 585 589 592 595 599 602 606 609 612 615 619 622 626 630 633 636 639 642 645 648 651 654 659 663 666 669 672 675 678 681 684 687 691 694 698 702 705 708 711 715 719 722 725 730 733 736 740 743 747 751 754 757 761 764 767 771 774 778 781 784 787 790 793 798 801 804 808 811 814 817 820 823 827 831 834 837 840 843 846 849 852 855 858 861 864 867 870 874 877 881 884 889 892 895 899 902 906 909 912 915 919 923 926 929 932 935 938 941 944 947 951 954 957 960 963 966 969 972 975 978 982 985 989 992 995 1000 
Total Sale: 21449314

k = 3
Houses: 2 6 10 14 20 24 28 32 36 40 45 49 54 58 64 68 72 76 81 85 90 94 98 102 107 113 118 123 127 132 136 141 145 149 153 160 164 169 173 179 183 187 192 196 201 205 210 214 218 222 228 234 238 243 247 251 256 261 265 269 274 278 282 286 290 294 298 304 308 312 316 320 324 328 332 336 340 344 349 353 357 362 366 370 374 378 383 387 391 395 399 403 407 411 415 419 423 428 434 440 444 448 452 456 461 465 469 474 480 484 488 492 496 500 504 508 513 517 521 527 532 536 540 547 552 557 561 565 569 573 577 581 585 590 594 600 604 609 614 618 622 626 630 634 638 642 647 654 659 663 668 673 678 682 687 691 698 702 706 711 715 721 725 730 734 738 743 747 751 756 761 765 770 774 778 782 786 790 794 798 804 808 812 817 821 825 829 834 840 844 849 855 861 866 870 877 881 885 889 893 897 902 907 911 915 919 924 928 932 938 942 947 953 958 963 967 971 975 980 985 990 995 1000 
Total Sale: 16826359

k = 10
Houses: 3 17 28 40 54 68 84 95 107 118 135 147 160 171 183 195 210 221 232 243 254 265 278 290 302 314 327 338 349 362 374 387 398 411 422 434 445 456 469 480 491 503 516 527 538 557 569 581 592 604 615 626 638 649 663 675 687 698 711 730 743 754 767 778 790 801 814 829 840 852 866 877 889 902 915 928 942 953 964 975 989 1000 
Total Sale: 7086382
 
k = 20
Houses: 3 28 54 76 101 123 147 169 195 221 243 265 286 308 332 353 374 398 422 443 465 488 510 532 557 581 604 626 647 673 698 721 743 764 790 811 832 855 881 902 925 947 973 995 
Total Sale: 3949025


